##FastQC	0.10.1
>>Basic Statistics	pass
#Measure	Value	
Filename	female_repl1_R2.qc.fq.gz	
File type	Conventional base calls	
Encoding	Sanger / Illumina 1.9	
Total Sequences	96615	
Filtered Sequences	0	
Sequence length	25-100	
%GC	49	
>>END_MODULE
>>Per base sequence quality	pass
#Base	Mean	Median	Lower Quartile	Upper Quartile	10th Percentile	90th Percentile
1	31.985964912280703	34.0	31.0	34.0	30.0	34.0
2	32.30935154996636	34.0	31.0	34.0	31.0	34.0
3	32.55833980230813	34.0	31.0	34.0	31.0	34.0
4	35.858541634321796	37.0	37.0	37.0	35.0	37.0
5	35.84331625523987	37.0	37.0	37.0	35.0	37.0
6	35.87908709827666	37.0	37.0	37.0	35.0	37.0
7	35.900636547120016	37.0	37.0	37.0	35.0	37.0
8	35.88215080474046	37.0	37.0	37.0	35.0	37.0
9	37.62468560782487	39.0	39.0	39.0	35.0	39.0
10-14	37.919401749210785	39.4	38.8	39.4	35.2	39.4
15-19	38.92390415566941	41.0	39.2	41.0	36.0	41.0
20-24	38.82837654608498	41.0	39.0	41.0	35.6	41.0
25-29	38.66706226670624	41.0	39.0	41.0	35.0	41.0
30-34	38.42734987101859	40.4	38.8	41.0	35.0	41.0
35-39	38.09984469791712	40.0	38.0	41.0	34.0	41.0
40-44	37.65569614167858	40.0	37.6	41.0	33.0	41.0
45-49	37.16339547777755	40.0	36.6	41.0	32.2	41.0
50-54	35.95652441525654	38.6	34.8	39.8	30.2	40.6
55-59	36.41892644559627	39.0	35.0	41.0	31.0	41.0
60-64	35.87852309491781	38.0	35.0	40.2	31.0	41.0
65-69	35.0604034776094	36.6	35.0	39.6	29.6	41.0
70-74	34.099479581945765	35.2	34.0	38.2	29.0	40.2
75-79	33.15501686905949	35.0	33.6	36.6	27.6	39.0
80-84	32.49880793039987	35.0	33.0	35.6	27.0	37.2
85-89	31.8030261837042	35.0	33.0	35.0	25.4	36.2
90-94	31.16550736155262	34.8	32.2	35.0	23.8	35.2
95-99	30.4917642630082	34.0	31.8	35.0	19.2	35.0
100	29.904616000168467	34.0	31.0	35.0	2.0	35.0
>>END_MODULE
>>Per sequence quality scores	pass
#Quality	Count
2	584.0
3	132.0
4	116.0
5	111.0
6	110.0
7	115.0
8	147.0
9	159.0
10	180.0
11	222.0
12	201.0
13	202.0
14	196.0
15	188.0
16	189.0
17	203.0
18	218.0
19	224.0
20	251.0
21	299.0
22	315.0
23	369.0
24	427.0
25	455.0
26	514.0
27	592.0
28	746.0
29	883.0
30	1084.0
31	1430.0
32	1917.0
33	2664.0
34	4140.0
35	7241.0
36	13288.0
37	23139.0
38	27792.0
39	5545.0
40	27.0
>>END_MODULE
>>Per base sequence content	fail
#Base	G	A	T	C
1	26.23195156031672	11.84805671997102	10.053304352326244	51.86668736738602
2	19.482482016250064	20.16560575479998	39.104693888112614	21.247218340837343
3	24.5793860330279	22.79650049179479	24.05653051716105	28.567582958016256
4	26.30139823925427	30.427757638529258	18.697048161574315	24.57379596064215
5	28.29684831547896	30.30481809242871	21.74610567717228	19.652227914920044
6	21.951042798737255	32.89240801117839	23.634011281892047	21.52253790819231
7	20.46783625730994	16.912487708947886	39.39864410288257	23.2210319308596
8	21.782331936034776	20.87978057237489	29.16627852817885	28.171608963411476
9	21.878590281012265	20.41504942296745	31.000362262588627	26.705998033431662
10-14	24.65559178181442	25.885007504010765	24.674015422035918	24.7853852921389
15-19	25.33540340526833	25.015163276923875	24.924287118977382	24.72514619883041
20-24	24.792837551104903	25.36997360658283	25.28013248460384	24.557056357708433
25-29	24.803229479349966	25.40171824862851	25.12058793085602	24.67446434116551
30-34	24.735806865708724	25.19317570085718	25.20642676715392	24.86459066628018
35-39	24.644139536232124	25.40597290614892	25.368699188675414	24.581188368943536
40-44	24.790295388362583	25.286958754986312	25.333145548462994	24.58960030818811
45-49	24.63826358233504	25.237342591576024	25.348996666949773	24.775397159139164
50-54	24.57564957937922	25.421656790021135	25.28262401060876	24.720069619990884
55-59	24.604081192638677	25.37777879131518	25.418619741727632	24.599520274318508
60-64	24.62638872173274	25.39187164621367	25.351408330877867	24.63033130117572
65-69	24.670163032068032	25.612227716906656	25.209584448033656	24.508024802991656
70-74	24.5432980923159	25.39687833511206	25.364986326040555	24.694837246531485
75-79	24.629899131831184	25.378046536524984	25.24004282297051	24.752011508673323
80-84	24.720386481512467	25.393382968044172	25.33377948803748	24.55245106240589
85-89	24.667893592103063	25.556090011711564	25.137819976576882	24.638196419608498
90-94	24.73502593274218	25.38731805253472	25.300317885226704	24.577338129496404
95-99	24.908817132340637	25.647063744353353	25.24301489041325	24.201104232892757
100	25.44591151262451	25.221639606629182	24.71623812832986	24.61621075241645
>>END_MODULE
>>Per base GC content	fail
#Base	%GC
1	78.09863892770274
2	40.72970035708741
3	53.14696899104416
4	50.87519419989642
5	47.94907623039901
6	43.47358070692957
7	43.688868188169536
8	49.95394089944625
9	48.58458831444393
10-14	49.44097707395332
15-19	50.060549604098746
20-24	49.34989390881333
25-29	49.47769382051547
30-34	49.600397531988904
35-39	49.22532790517566
40-44	49.3798956965507
45-49	49.41366074147421
50-54	49.295719199370104
55-59	49.20360146695718
60-64	49.25672002290846
65-69	49.17818783505969
70-74	49.238135338847385
75-79	49.38191064050451
80-84	49.27283754391835
85-89	49.30609001171156
90-94	49.312364062238586
95-99	49.1099213652334
100	50.062122265040955
>>END_MODULE
>>Per sequence GC content	warn
#GC Content	Count
0	0.0
1	0.0
2	0.0
3	0.0
4	0.0
5	0.5
6	0.5
7	0.5
8	0.5
9	0.0
10	0.0
11	1.0
12	1.5
13	1.0
14	1.5
15	2.5
16	3.5
17	6.5
18	6.5
19	6.5
20	18.0
21	28.0
22	42.0
23	68.5
24	92.5
25	132.0
26	189.0
27	271.5
28	343.5
29	444.0
30	585.5
31	715.5
32	866.5
33	1045.5
34	1241.0
35	1438.5
36	1661.0
37	1903.0
38	2186.5
39	2503.5
40	2737.0
41	3008.5
42	3318.5
43	3509.5
44	3686.0
45	3829.0
46	3927.5
47	3944.0
48	3862.5
49	3730.5
50	3499.0
51	3299.0
52	3166.5
53	2961.0
54	2630.5
55	2408.5
56	2352.0
57	2283.0
58	2102.0
59	1942.0
60	1881.5
61	1837.5
62	1760.5
63	1585.5
64	1463.0
65	1379.5
66	1234.5
67	1113.0
68	1015.0
69	899.5
70	774.5
71	666.0
72	584.0
73	504.5
74	430.5
75	370.5
76	330.0
77	280.5
78	229.0
79	182.5
80	154.5
81	132.0
82	104.5
83	88.5
84	67.0
85	45.5
86	26.5
87	15.5
88	12.5
89	4.5
90	1.5
91	2.0
92	1.5
93	1.0
94	0.0
95	0.5
96	1.0
97	0.5
98	0.5
99	0.5
100	0.0
>>END_MODULE
>>Per base N content	pass
#Base	N-Count
1	0.0
2	0.0
3	0.03105107902499612
4	0.06727733788749159
5	0.0
6	0.0
7	0.0
8	0.0
9	0.0
10-14	0.0
15-19	0.0
20-24	0.0
25-29	0.0
30-34	0.0
35-39	0.0
40-44	0.0
45-49	0.0
50-54	0.0
55-59	0.0
60-64	0.0
65-69	0.0
70-74	0.0
75-79	0.0
80-84	0.0
85-89	0.0
90-94	0.0
95-99	0.0
100	0.0
>>END_MODULE
>>Sequence Length Distribution	warn
#Length	Count
24-25	2.0
26-27	6.0
28-29	4.0
30-31	7.0
32-33	6.0
34-35	5.0
36-37	5.0
38-39	7.0
40-41	8.0
42-43	8.0
44-45	6.0
46-47	5.0
48-49	12.0
50-51	9.0
52-53	14.0
54-55	25.0
56-57	28.0
58-59	25.0
60-61	42.0
62-63	69.0
64-65	62.0
66-67	88.0
68-69	94.0
70-71	114.0
72-73	154.0
74-75	178.0
76-77	0.0
78-79	0.0
80-81	0.0
82-83	0.0
84-85	0.0
86-87	0.0
88-89	0.0
90-91	0.0
92-93	0.0
94-95	0.0
96-97	0.0
98-99	658.0
100-101	94974.0
>>END_MODULE
>>Sequence Duplication Levels	pass
#Total Duplicate Percentage	6.488640480256689
#Duplication Level	Relative count
1	100.0
2	2.276802514776526
3	0.3254156243773936
4	0.09408274854448453
5	0.034312531822106127
6	0.012175414517521528
7	0.0110685586522923
8	0.00553427932614615
9	0.0033205675956876897
10++	0.025457684900272285
>>END_MODULE
>>Overrepresented sequences	pass
>>END_MODULE
>>Kmer Content	warn
#Sequence	Count	Obs/Exp Overall	Obs/Exp Max	Max Obs/Exp Position
AAAAA	32530	3.4376278	6.4711146	2
TTTTT	28280	2.911997	5.615788	2
CTGCT	23960	2.6626542	5.210128	1
CTTCT	23165	2.4941604	6.644712	1
GAAGA	21880	2.4377463	5.3834033	2
CTGCA	21195	2.367631	5.5578685	1
CTCCT	21245	2.3390481	8.848834	1
CTTCA	19865	2.1499743	7.4559255	1
CAGGA	17715	2.007798	5.2052836	1
CTCCA	18030	1.9954038	6.353465	1
CTGGA	17530	1.9765514	8.684532	1
CTCTG	17105	1.9008641	5.1037993	1
CACAG	16920	1.8999128	5.0495825	1
CTGAA	16930	1.859088	8.247778	1
CTTCC	16820	1.8518609	5.425177	1
CTTTG	16565	1.8002346	6.706898	1
CTTTT	17075	1.7978874	7.606293	1
TGGAA	15905	1.7628781	5.72673	2
CCCAG	14805	1.6911391	5.5193334	1
CTGGG	14555	1.6850842	6.203285	1
TGAAA	15545	1.678016	5.319085	2
CTGAG	14330	1.6157433	5.555942	1
CTCAG	14420	1.6108158	8.176479	1
CTCCC	13475	1.5170555	5.224428	1
GGATG	13310	1.5147809	5.1179256	4
GTTTT	13990	1.4868431	5.338645	1
CTCAT	11590	1.2543772	5.4883895	1
CTCAA	9990	1.0868331	5.3087454	1
>>END_MODULE
