##FastQC	0.10.1
>>Basic Statistics	pass
#Measure	Value	
Filename	female_repl1_R2.fq.gz	
File type	Conventional base calls	
Encoding	Sanger / Illumina 1.9	
Total Sequences	100000	
Filtered Sequences	0	
Sequence length	100	
%GC	49	
>>END_MODULE
>>Per base sequence quality	pass
#Base	Mean	Median	Lower Quartile	Upper Quartile	10th Percentile	90th Percentile
1	31.88189	34.0	31.0	34.0	30.0	34.0
2	32.24315	34.0	31.0	34.0	31.0	34.0
3	32.51373	34.0	31.0	34.0	31.0	34.0
4	35.86765	37.0	37.0	37.0	35.0	37.0
5	35.82794	37.0	37.0	37.0	35.0	37.0
6	35.86772	37.0	37.0	37.0	35.0	37.0
7	35.89449	37.0	37.0	37.0	35.0	37.0
8	35.86756	37.0	37.0	37.0	35.0	37.0
9	37.62312	39.0	39.0	39.0	35.0	39.0
10-14	37.9197	39.4	38.8	39.4	35.2	39.4
15-19	38.923842	41.0	39.2	41.0	36.0	41.0
20-24	38.827056	41.0	39.0	41.0	35.6	41.0
25-29	38.666852	41.0	39.0	41.0	35.0	41.0
30-34	38.423148	40.4	38.8	41.0	35.0	41.0
35-39	38.100476	40.0	38.0	41.0	34.0	41.0
40-44	37.652550000000005	40.0	37.6	41.0	33.0	41.0
45-49	37.160126	40.0	36.6	41.0	32.0	41.0
50-54	35.946274	38.6	34.8	39.8	30.2	40.6
55-59	36.413528	39.0	35.0	41.0	31.0	41.0
60-64	35.87195200000001	38.0	35.0	40.2	31.0	41.0
65-69	35.032544	36.6	35.0	39.6	29.6	41.0
70-74	34.071118	35.2	34.0	38.2	29.0	40.2
75-79	33.128626000000004	35.0	33.4	36.6	27.6	38.8
80-84	32.4634	35.0	33.0	35.6	26.8	37.2
85-89	31.759483999999997	35.0	33.0	35.0	25.4	36.2
90-94	31.11571	34.6	32.2	35.0	23.8	35.2
95-99	30.425400000000003	34.0	31.8	35.0	19.0	35.0
100	29.75366	34.0	31.0	35.0	2.0	35.0
>>END_MODULE
>>Per sequence quality scores	pass
#Quality	Count
2	592.0
3	135.0
4	119.0
5	112.0
6	113.0
7	124.0
8	151.0
9	167.0
10	188.0
11	227.0
12	207.0
13	209.0
14	208.0
15	197.0
16	201.0
17	214.0
18	228.0
19	242.0
20	260.0
21	320.0
22	336.0
23	398.0
24	470.0
25	506.0
26	538.0
27	635.0
28	783.0
29	927.0
30	1142.0
31	1513.0
32	2023.0
33	2771.0
34	4337.0
35	7514.0
36	13817.0
37	24106.0
38	28735.0
39	5233.0
40	2.0
>>END_MODULE
>>Per base sequence content	fail
#Base	G	A	T	C
1	26.329254167296167	11.80742307498615	9.817192929445536	52.04612982827215
2	19.509	20.176	39.179	21.136
3	24.547	22.796	24.12	28.537000000000003
4	26.247449081669398	30.40194470009203	18.6707214597255	24.679884758513065
5	28.346693085952744	30.269096440401494	21.732864991443755	19.651345482202007
6	22.049	32.975	23.503	21.473
7	20.453	16.989	39.418	23.14
8	21.816	20.974	29.080000000000002	28.13
9	21.918000000000003	20.341	31.037	26.704
10-14	24.6896	25.896200000000004	24.6494	24.7648
15-19	25.3716	24.9874	24.9298	24.711199999999998
20-24	24.8294	25.3998	25.2622	24.5086
25-29	24.8352	25.439600000000002	25.106	24.6192
30-34	24.7564	25.1914	25.237399999999997	24.8148
35-39	24.646	25.4078	25.3792	24.567
40-44	24.8446	25.281599999999997	25.336	24.5378
45-49	24.651	25.2178	25.3518	24.7794
50-54	24.5912	25.4208	25.3016	24.6864
55-59	24.6232	25.4164	25.421	24.5394
60-64	24.6228	25.4884	25.3084	24.5804
65-69	24.7054	25.689	25.1732	24.4324
70-74	24.63	25.515	25.279	24.576
75-79	24.786	25.490800000000004	25.1266	24.5966
80-84	24.9792	25.6038	25.119000000000003	24.298000000000002
85-89	25.0888	25.741000000000003	24.8624	24.3078
90-94	25.36	25.696400000000004	24.861	24.082600000000003
95-99	25.652599999999996	25.794	24.8062	23.7472
100	25.927	25.61	24.396	24.067
>>END_MODULE
>>Per base GC content	fail
#Base	%GC
1	78.37538399556831
2	40.644999999999996
3	53.083999999999996
4	50.92733384018246
5	47.998038568154755
6	43.522
7	43.592999999999996
8	49.946
9	48.622
10-14	49.4544
15-19	50.082800000000006
20-24	49.338
25-29	49.4544
30-34	49.5712
35-39	49.213
40-44	49.3824
45-49	49.4304
50-54	49.2776
55-59	49.1626
60-64	49.2032
65-69	49.1378
70-74	49.206
75-79	49.3826
80-84	49.2772
85-89	49.3966
90-94	49.4426
95-99	49.3998
100	49.994
>>END_MODULE
>>Per sequence GC content	warn
#GC Content	Count
0	0.0
1	0.0
2	0.0
3	0.0
4	0.0
5	0.5
6	0.5
7	0.5
8	0.5
9	0.0
10	0.0
11	1.0
12	1.5
13	1.0
14	1.5
15	2.5
16	3.5
17	7.0
18	7.0
19	7.0
20	18.5
21	28.0
22	41.5
23	67.0
24	90.0
25	130.0
26	187.5
27	265.5
28	333.0
29	433.0
30	577.0
31	708.0
32	864.5
33	1057.5
34	1255.0
35	1460.5
36	1687.5
37	1930.0
38	2226.0
39	2561.0
40	2809.5
41	3086.5
42	3416.0
43	3625.5
44	3806.0
45	3958.5
46	4070.5
47	4105.5
48	4034.5
49	3901.5
50	3653.0
51	3440.5
52	3302.0
53	3061.0
54	2726.5
55	2512.5
56	2438.0
57	2361.5
58	2170.5
59	1995.5
60	1924.5
61	1868.5
62	1790.5
63	1623.5
64	1503.0
65	1412.5
66	1259.0
67	1139.0
68	1038.5
69	916.0
70	791.5
71	678.5
72	591.0
73	512.0
74	438.5
75	379.0
76	338.5
77	285.0
78	233.0
79	188.0
80	156.0
81	131.5
82	105.0
83	88.5
84	66.5
85	45.5
86	25.5
87	14.5
88	12.5
89	4.5
90	1.5
91	2.0
92	2.0
93	1.5
94	0.0
95	0.5
96	1.0
97	0.5
98	0.5
99	0.5
100	0.0
>>END_MODULE
>>Per base N content	pass
#Base	N-Count
1	0.715
2	0.0
3	0.0
4	0.036000000000000004
5	0.073
6	0.0
7	0.0
8	0.0
9	0.0
10-14	0.0
15-19	0.0
20-24	0.0
25-29	0.0
30-34	0.0
35-39	0.0
40-44	0.0
45-49	0.0
50-54	0.0
55-59	0.0
60-64	0.0
65-69	0.0
70-74	0.0
75-79	0.0
80-84	0.0
85-89	0.0
90-94	0.0
95-99	0.0
100	0.0
>>END_MODULE
>>Sequence Length Distribution	pass
#Length	Count
100	100000.0
>>END_MODULE
>>Sequence Duplication Levels	pass
#Total Duplicate Percentage	6.702
#Duplication Level	Relative count
1	100.0
2	2.322665008896225
3	0.345130656605715
4	0.09753692469291947
5	0.037514201804969026
6	0.01286201204741795
7	0.010718343372848292
8	0.006431006023708975
9	0.0032155030118544876
10++	0.02679585843212073
>>END_MODULE
>>Overrepresented sequences	pass
>>END_MODULE
>>Kmer Content	warn
#Sequence	Count	Obs/Exp Overall	Obs/Exp Max	Max Obs/Exp Position
AAAAA	31635	3.2675908	6.052294	2
TTTTT	28735	2.9278564	6.8022676	2
GAAGA	25275	2.693369	5.578681	2
CTTCT	23425	2.463444	6.659581	1
CAGCT	22505	2.4170353	5.364604	3
CTGCA	21950	2.357428	5.762879	1
AAGAA	22165	2.3254125	5.139641	2
CTCCT	21735	2.3221214	7.798567	1
CTTCA	21005	2.2149808	7.544346	1
CTCCA	19460	2.0847423	8.544882	1
CTGGA	18125	1.9515352	7.338885	1
CACAG	17805	1.9174774	5.2580194	1
CTCTG	17655	1.8909822	5.4365277	1
CTTCC	17365	1.8552399	5.7843676	1
CTTTT	17665	1.828582	6.7553387	1
CTGAA	17045	1.8068535	7.4303036	1
CTTTG	16985	1.7907009	6.472526	1
CTGGG	14970	1.6371657	6.2911544	1
CTGAG	14855	1.5994513	5.3089805	1
CTCAG	14815	1.59113	7.7357574	1
CTGGC	14020	1.5294117	5.2733784	1
GTTTT	14330	1.4871043	5.7189026	1
GGATG	13505	1.4577646	5.132493	4
CTCCC	13215	1.4343485	5.036993	1
CTCAT	11485	1.2110953	5.7602105	1
ATGCA	10780	1.142733	5.1894627	6
GATGC	10580	1.1391582	5.0161495	5
CTCAA	10190	1.0774715	6.2870846	1
>>END_MODULE
